1,5/4/2020,10,0,0,BENEFICIARY 0,0020759327013,15000.00
1,5/4/2020,10,0,0,BENEFICIARY 0,0020759327013,35000.00
1,5/4/2020,10,0,0,BENEFICIARY 0,0020759327013,244952.00
1,5/4/2020,10,0,0,BENEFICIARY 0,0020759327013,165300.00
1,5/4/2020,10,0,0,BENEFICIARY 0,0020759327013,20000.00
1,5/4/2020,10,0,0,BENEFICIARY 0,0020759327013,830000.00
1,5/4/2020,10,0,0,BENEFICIARY 0,0020759327013,435000.00
1,5/4/2020,10,0,0,BENEFICIARY 0,0020759327013,336000.00
1,5/4/2020,10,0,0,BENEFICIARY 0,0020759327013,216000.00
1,5/4/2020,10,0,0,BENEFICIARY 0,0020759327013,975468.00
1,5/4/2020,10,0,0,BENEFICIARY 0,0020759327013,120000.00
1,5/4/2020,10,0,0,BENEFICIARY 0,0020759327013,80000.00
1,5/4/2020,10,0,0,BENEFICIARY 0,0020759327013,97462.00
1,5/4/2020,10,0,0,BENEFICIARY 0,0020759327013,32000.00
1,5/4/2020,10,0,0,STALIN BANDA ZI,0020759327013,45000.00
1,5/4/2020,10,0,0,BENEFICIARY 0,0020759327013,1779166.67
1,5/4/2020,10,0,0,BENEFICIARY 0,0020759327013,90150.00
1,5/4/2020,10,0,0,BENEFICIARY 0,0020759327013,151000.00
1,5/4/2020,10,0,0,BENEFICIARY 0,0020759327013,108533.00
1,5/4/2020,10,0,0,BENEFICIARY 0,0020759327013,164000.00
1,5/4/2020,10,0,0,BENEFICIARY 0,0020759327013,193203.00
1,5/4/2020,10,0,0,BENEFICIARY 0,0020786445017,348335.00
1,5/4/2020,10,0,0,TOTAL MALAWI LT,0020786445017,6000000.00
1,5/4/2020,10,0,0,029491,0020786445017,103926.53
1,5/4/2020,10,0,0,014252,0020847105012,990000.00
1,5/4/2020,10,0,0,BENEFICIARY 0,0020847105012,500000.00
1,5/4/2020,10,0,0,BENEFICIARY 0,0020847105012,300000.00
1,5/4/2020,10,0,0,ANORLD SABANTIN,0020847105012,150000.00
1,5/4/2020,10,0,0,BENEFICIARY 0,0020847105012,559200.00
1,5/4/2020,10,0,0,014199,0020847105012,55920.00
1,5/4/2020,10,0,0,RU IFMIS 4449,14311041,190000.00
1,5/4/2020,10,0,0,CHQ4475,14311041,64000.00
1,5/4/2020,10,0,0,004 444,14311041,700000.00
1,5/4/2020,10,0,0,M KHONJE 004452,14311041,20000.00
1,5/4/2020,10,0,0,CHQ4476,14311041,480000.00
1,5/4/2020,10,0,0,M KHONJE 004407,14311041,60000.00
1,5/4/2020,10,0,0,BENEFICIARY 0,14311041,265396.50
1,5/4/2020,10,0,0,BENEFICIARY 0,14311041,198750.00
1,5/4/2020,10,0,0,BENEFICIARY 0,14311041,260000.00
1,5/4/2020,10,0,0,004 390,14311041,55011.74
1,5/4/2020,10,0,0,CHQ4468,14311041,20000.00
1,5/4/2020,10,0,0,004 424,14311041,60032.73
1,5/4/2020,10,0,0,CHQ4480,14311041,198000.00
1,5/4/2020,10,0,0,004 389,14311041,163234.94
1,5/4/2020,10,0,0,CHQ4479,14311041,351000.00
1,5/4/2020,10,0,0,004 436,14311041,660000.00
1,5/4/2020,10,0,0,001106,0050864395012,240000.00
1,5/4/2020,10,0,0,BENEFICIARY 0,0052761347012,50000.00
1,5/4/2020,10,0,0,BENEFICIARY 0,0052761347012,200000.00
1,5/4/2020,10,0,0,BENEFICIARY 0,0052761347012,150000.00
1,5/4/2020,10,0,0,BENEFICIARY 0,0052761347012,92844.00
1,5/4/2020,10,0,0,BENEFICIARY 0,0052761347012,90000.00
1,5/4/2020,10,0,0,BENEFICIARY 0,0052761347012,70000.00
1,5/4/2020,10,0,0,028552,0052761347012,75000.00
1,5/4/2020,10,0,0,CHQ 028541,0052761347012,170000.00
1,5/4/2020,10,0,0,CHQ028538,0052761347012,60000.00
1,5/4/2020,10,0,0,CHQ 028540,0052761347012,100000.00
1,5/4/2020,10,0,0,BENEFICIARY 0,0052761347012,50000.00
1,5/4/2020,10,0,0,BENEFICIARY 0,0052761347012,336000.00
1,5/4/2020,10,0,0,BENEFICIARY 0,0052761347012,200000.00
1,5/4/2020,10,0,0,BENEFICIARY 0,0052761347012,101848.43
1,5/4/2020,10,0,0,BENEFICIARY 0,0052761347012,12500.00
1,5/4/2020,10,0,0,BENEFICIARY 0,0052761347012,405000.00
1,5/4/2020,10,0,0,BENEFICIARY 0,0052761347012,150000.00
1,5/4/2020,10,0,0,BENEFICIARY 0,0052761347012,25000.00
1,5/4/2020,10,0,0,BENEFICIARY 0,0052761347012,30000.00
1,5/4/2020,10,0,0,BENEFICIARY 0,0052761347012,65000.00
1,5/4/2020,10,0,0,BENEFICIARY 0,0052761347012,330000.00
1,5/4/2020,10,0,0,BENEFICIARY 0,0052761347012,120000.00
1,5/4/2020,10,0,0,BENEFICIARY 0,0052761347012,255595.00
1,5/4/2020,10,0,0,028607,0052761347012,288090.00
1,5/4/2020,10,0,0,BENEFICIARY 0,0060759321017,80000.00
1,5/4/2020,10,0,0,029569,0065782143012,92150.00
1,5/4/2020,10,0,0,029559,0065782143012,212500.00
1,5/4/2020,10,0,0,BENEFICIARY 0,0065782143012,330550.00
1,5/4/2020,10,0,0,BENEFICIARY 0,0065782143012,125000.00
1,5/4/2020,10,0,0,BENEFICIARY 0,0065782143012,280000.00
1,5/4/2020,10,0,0,BENEFICIARY 0,0065782143012,420000.00
1,5/4/2020,10,0,0,BENEFICIARY 0,0065782143012,160000.00
1,5/4/2020,10,0,0,BENEFICIARY 0,0065782143012,220000.00
1,5/4/2020,10,0,0,BENEFICIARY 0,0065782143012,75000.00
1,5/4/2020,10,0,0,BENEFICIARY 0,0065782143012,12600.00
1,5/4/2020,10,0,0,BENEFICIARY 0,0065782143012,37800.00
1,5/4/2020,10,0,0,BENEFICIARY 0,0065782143012,41600.00
1,5/4/2020,10,0,0,BENEFICIARY 0,0065782143012,8400.00
1,5/4/2020,10,0,0,029558,0065782143012,600000.00
1,5/4/2020,10,0,0,BENEFICIARY 0,0065782143012,14000.00
1,5/4/2020,10,0,0,BENEFICIARY 0,0065782143012,45000.00
1,5/4/2020,10,0,0,BENEFICIARY 0,0065782143012,184500.00
1,5/4/2020,10,0,0,BENEFICIARY 0,0065782143012,91800.00
1,5/4/2020,10,0,0,BENEFICIARY 0,0065782143012,46200.00
1,5/4/2020,10,0,0,BENEFICIARY 0,0065782143012,55000.00
1,5/4/2020,10,0,0,BENEFICIARY 0,0065782143012,64433.00
1,5/4/2020,10,0,0,BENEFICIARY 0,0065782143012,479375.59
1,5/4/2020,10,0,0,BENEFICIARY 0,0065782143012,179010.00
1,5/4/2020,10,0,0,BENEFICIARY 0,0065782143012,12104.40
1,5/4/2020,10,0,0,029568,0065782143012,430000.00
1,5/4/2020,10,0,0,029566,0065782143012,30000.00
1,5/4/2020,10,0,0,BENEFICIARY 0,0065931827019,76000.00
1,5/4/2020,10,0,0,BENEFICIARY 0,0065931827019,116000.00
1,5/4/2020,10,0,0,BENEFICIARY 0,0065931827019,65000.00
1,5/4/2020,10,0,0,BENEFICIARY 0,0065931827019,18000.00
1,5/4/2020,10,0,0,BENEFICIARY 0,0065931827019,80000.00
1,5/4/2020,10,0,0,BENEFICIARY 0,0065931827019,153750.00
1,5/4/2020,10,0,0,BENEFICIARY 0,0065931827019,67500.00
1,5/4/2020,10,0,0,BENEFICIARY 0,0065931827019,5450.00
1,5/4/2020,10,0,0,BENEFICIARY 0,0065931827019,6500.00
1,5/4/2020,10,0,0,BENEFICIARY 0,0065931827019,39500.00
1,5/4/2020,10,0,0,BENEFICIARY 0,0065931827019,3500.00
1,5/4/2020,10,0,0,BENEFICIARY 0,0065931827019,31150.00
1,5/4/2020,10,0,0,BENEFICIARY 0,0065931827019,300000.00
1,5/4/2020,10,0,0,BENEFICIARY 0,0065931827019,78750.00
1,5/4/2020,10,0,0,BENEFICIARY 0,0065931827019,100000.00
1,5/4/2020,10,0,0,BENEFICIARY 0,0065931827019,44000.00
1,5/4/2020,10,0,0,BENEFICIARY 0,0065931827019,62400.00
1,5/4/2020,10,0,0,BENEFICIARY 0,0065931827019,69400.00
1,5/4/2020,10,0,0,BENEFICIARY 0,0065931827019,63690.00
1,5/4/2020,10,0,0,BENEFICIARY 0,0065931827019,3950.00
1,5/4/2020,10,0,0,BENEFICIARY 0,0065931827019,129914.40
1,5/4/2020,10,0,0,BENEFICIARY 0,0065931827019,68850.00
1,5/4/2020,10,0,0,BENEFICIARY 0,0065931827019,123483.74
1,5/4/2020,10,0,0,BENEFICIARY 0,0065931827019,87900.00
1,5/4/2020,10,0,0,BENEFICIARY 0,0065931827019,99000.00
1,5/4/2020,10,0,0,BENEFICIARY 0,0065931827019,89000.00
1,5/4/2020,10,0,0,BENEFICIARY 0,0065931827019,71069.06
1,5/4/2020,10,0,0,BENEFICIARY 0,0065931827019,148137.65
1,5/4/2020,10,0,0,BENEFICIARY 0,0065931827019,109075.20
1,5/4/2020,10,0,0,BENEFICIARY 0,0065931827019,154043.12
1,5/4/2020,10,0,0,CHEQUE OW COLLE,0070479060019,100000.00
1,5/4/2020,10,0,0,CHEQUE OW COLLE,0070479060019,100000.00
1,5/4/2020,10,0,0,PENTECOSTAL LIF,0070479060019,200000.00
1,5/4/2020,10,0,0,M R A TRANSIT R,0070755435013,22000.00
1,5/4/2020,10,0,0,M R A TRANSIT R,0070755435013,51768.00
1,5/4/2020,10,0,0,M R A TRANSIT R,0070755435013,27840.00
1,5/4/2020,10,0,0,M R A TRANSIT R,0070755435013,51369.18
1,5/4/2020,10,0,0,M R A TRANSIT R,0070755435013,60000.00
1,5/4/2020,10,0,0,M R A TRANSIT R,0070755435013,1080.00
1,5/4/2020,10,0,0,M R A TRANSIT R,0070755435013,3135.00
1,5/4/2020,10,0,0,M R A TRANSIT R,0070755435013,14000.00
1,5/4/2020,10,0,0,M R A TRANSIT R,0070755435013,6375.00
1,5/4/2020,10,0,0,038194,0070755435013,763600.00
1,5/4/2020,10,0,0,038171,0070755435013,90000.00
1,5/4/2020,10,0,0,BENEFICIARY 0,0070755435013,90000.00
1,5/4/2020,10,0,0,M R A TRANSIT R,0070755435013,3178.68
1,5/4/2020,10,0,0,M R A TRANSIT R,0070755435013,7470.00
1,5/4/2020,10,0,0,M R A TRANSIT R,0070755435013,3945.00
1,5/4/2020,10,0,0,M R A TRANSIT R,0070755435013,103146.00
1,5/4/2020,10,0,0,M R A TRANSIT R,0070755435013,27816.00
1,5/4/2020,10,0,0,M R A TRANSIT R,0070755435013,43120.00
1,5/4/2020,10,0,0,M R A TRANSIT R,0070755435013,7920.00
1,5/4/2020,10,0,0,M R A TRANSIT R,0070755435013,11675.00
1,5/4/2020,10,0,0,M R A TRANSIT R,0070755435013,27000.00
1,5/4/2020,10,0,0,M R A TRANSIT R,0070755435013,28000.00
1,5/4/2020,10,0,0,M R A TRANSIT R,0070755435013,16400.00
1,5/4/2020,10,0,0,M R A TRANSIT R,0070755435013,35760.00
1,5/4/2020,10,0,0,M R A TRANSIT R,0070755435013,3750.00
1,5/4/2020,10,0,0,M R A TRANSIT R,0070755435013,130080.97
1,5/4/2020,10,0,0,038163,0070755435013,10000.00
1,5/4/2020,10,0,0,038161,0070755435013,20000.00
1,5/4/2020,10,0,0,CHQ037396,0070776221013,350000.00
1,5/4/2020,10,0,0,037269,0070776221013,85000.00
1,5/4/2020,10,0,0,037379,0070776221013,243000.00
1,5/4/2020,10,0,0,CHQ037441,0070776221013,12123290.54
1,5/4/2020,10,0,0,EMMANUEL REFRIG,0070776221013,450000.00
1,5/4/2020,10,0,0,BENEFICIARY 0,0070776221013,485000.90
1,5/4/2020,10,0,0,CLEARING SUSPEN,0070776221013,70000.00
1,5/4/2020,10,0,0,SANA CASH N CAR,0070776221013,89995.00
1,5/4/2020,10,0,0,BENEFICIARY 0,0070776221013,250000.00
1,5/4/2020,10,0,0,AM BUILDING CON,0070776221013,97000.00
1,5/4/2020,10,0,0,BENEFICIARY 0,0070776221013,8000.00
1,5/4/2020,10,0,0,037383,0070776221013,1776931.00
1,5/4/2020,10,0,0,037-346,0070776221013,10000.00
1,5/4/2020,10,0,0,CLEARING SUSPEN,0070776221013,14000.00
1,5/4/2020,10,0,0,NATIONWIDE MARK,0070776221013,499725.00
1,5/4/2020,10,0,0,NATIONWIDE MARK,0070776221013,410000.00
1,5/4/2020,10,0,0,NATIONWIDE MARK,0070776221013,348105.00
1,5/4/2020,10,0,0,G K A INVESTME,0070776221013,91180.00
1,5/4/2020,10,0,0,G K A INVESTME,0070776221013,776000.00
1,5/4/2020,10,0,0,PEOPLES TRADING,0070776221013,184800.00
1,5/4/2020,10,0,0,PEOPLES TRADING,0070776221013,150000.00
1,5/4/2020,10,0,0,BENEFICIARY 0,0070776221013,35000.00
1,5/4/2020,10,0,0,BENEFICIARY 0,0070776221013,84000.00
1,5/4/2020,10,0,0,BENEFICIARY 0,0070776221013,84000.00
1,5/4/2020,10,0,0,037388,0070776221013,35000.00
1,5/4/2020,10,0,0,037403,0070776221013,999500.00
1,5/4/2020,10,0,0,037384,0070776221013,400000.00
1,5/4/2020,10,0,0,,0070895488017,14440612.41
1,5/4/2020,10,0,0,,0070895705018,2761811.91
1,5/4/2020,10,0,0,VICTORIA HOTEL,0070895705018,1445250.00
1,5/4/2020,10,0,0,,0070895705018,45990000.00
1,5/4/2020,10,0,0,LEE PHOTO STUDI,0070948804016,89240.00
1,5/4/2020,10,0,0,001708,0075606150016,275000.00
1,5/4/2020,10,0,0,001701,0075606150016,250000.00
1,5/4/2020,10,0,0,001710,0075606150016,52500.00
1,5/4/2020,10,0,0,001707,0075606150016,330000.00
1,5/4/2020,10,0,0,BENEFICIARY 0,0075606150016,55440.00
1,5/4/2020,10,0,0,001711,0075606150016,360000.00
1,5/4/2020,10,0,0,001706,0075606150016,36000.00
1,5/4/2020,10,0,0,001704,0075606150016,387500.00
1,5/4/2020,10,0,0,BENEFICIARY 0,0075845991014,40000.00
1,5/4/2020,10,0,0,BENEFICIARY 0,0075845991014,60000.00
1,5/4/2020,10,0,0,BENEFICIARY 0,0075845991014,90000.00
1,5/4/2020,10,0,0,BENEFICIARY 0,0075845991014,36312.00
1,5/4/2020,10,0,0,BENEFICIARY 0,0075845991014,3314666.00
1,5/4/2020,10,0,0,NBS 022111,0075845991014,2362000.00
1,5/4/2020,10,0,0,nbs019305,16603171,191250.00
1,5/4/2020,10,0,0,PAPER CUT INVES,16603171,3213185.00
1,5/4/2020,10,0,0,BENEFICIARY 0,16603171,1358000.00
1,5/4/2020,10,0,0,BENEFICIARY 0,16603171,123458.00
1,5/4/2020,10,0,0,CQ 000706,18183811,117600.00
1,5/4/2020,10,0,0,,18315726,153169.65
1,5/4/2020,10,0,0,AC-18315726,18315726,5000.00
1,5/4/2020,10,0,0,000-303,18338459,332360.00
1,5/4/2020,10,0,0,SUNBIRD LIVINGS,18444321,16113.88
1,5/4/2020,10,0,0,BENEFICIARY 0,18444321,300000.00
1,5/4/2020,10,0,0,BENEFICIARY 0,18762684,24000.00
1,5/4/2020,10,0,0,002434,18762943,210000.00
1,5/4/2020,10,0,0,002456,18762943,480000.00
1,5/4/2020,10,0,0,002451,18762943,480000.00
1,5/4/2020,10,0,0,BENEFICIARY 0,18762943,120000.00
1,5/4/2020,10,0,0,BENEFICIARY 0,18762943,78570.00
1,5/4/2020,10,0,0,002443,18762943,600000.00
1,5/4/2020,10,0,0,004941,18763249,40000.00
1,5/4/2020,10,0,0,CHQ005240,18763249,100000.00
1,5/4/2020,10,0,0,CHQ005172,18763249,60000.00
1,5/4/2020,10,0,0,CHQ005251,18763249,30000.00
1,5/4/2020,10,0,0,BENEFICIARY 0,18763249,30000.00
1,5/4/2020,10,0,0,PETRODA LILONGW,18763249,284166.90
1,5/4/2020,10,0,0,CLEARING SUSPEN,18763249,180000.00
1,5/4/2020,10,0,0,CLEARING SUSPEN,18763249,308000.00
1,5/4/2020,10,0,0,CLEARING SUSPEN,18763249,40000.00
1,5/4/2020,10,0,0,J JEREMIAH PHI,18763249,90000.00
1,5/4/2020,10,0,0,S MASOANYENGA,18763249,90000.00
1,5/4/2020,10,0,0,P PETER WATSO,18763249,30000.00
1,5/4/2020,10,0,0,JOSEPH CHINYANI,18763249,8000.00
1,5/4/2020,10,0,0,JOSEPH CHINYANI,18763249,20000.00
1,5/4/2020,10,0,0,JOSEPH CHINYANI,18763249,32000.00
1,5/4/2020,10,0,0,004958,18763249,215000.00
1,5/4/2020,10,0,0,CHQ005163,18763249,224000.00
1,5/4/2020,10,0,0,CHQ005236,18763249,180000.00
1,5/4/2020,10,0,0,CHQ005258,18763249,180000.00
1,5/4/2020,10,0,0,004937,18763249,117098.55
1,5/4/2020,10,0,0,CHQ005198,18763249,60000.00
1,5/4/2020,10,0,0,CHQ005267,18763249,80000.00
1,5/4/2020,10,0,0,CHQ005203,18763249,120000.00
1,5/4/2020,10,0,0,CLEARING SUSPEN,18763249,90000.00
1,5/4/2020,10,0,0,CLEARING SUSPEN,18763249,160000.00
1,5/4/2020,10,0,0,CLEARING SUSPEN,18763249,90000.00
1,5/4/2020,10,0,0,CLEARING SUSPEN,18763249,40000.00
1,5/4/2020,10,0,0,PETER L JOSAMU,18763249,150000.00
1,5/4/2020,10,0,0,C CHIFUNDO KAT,18763249,90000.00
1,5/4/2020,10,0,0,CE MWAPASA 00,18763249,60000.00
1,5/4/2020,10,0,0,JOSEPH CHINYANI,18763249,12000.00
1,5/4/2020,10,0,0,JOSEPH CHINYANI,18763249,12000.00
1,5/4/2020,10,0,0,JOSEPH CHINYANI,18763249,30000.00
1,5/4/2020,10,0,0,JOSEPH CHINYANI,18763249,60000.00
1,5/4/2020,10,0,0,BENEFICIARY 0,18763249,40000.00
1,5/4/2020,10,0,0,BENEFICIARY 0,18763249,150000.00
1,5/4/2020,10,0,0,BENEFICIARY 0,18763249,150000.00
1,5/4/2020,10,0,0,BENEFICIARY 0,18763249,80000.00
1,5/4/2020,10,0,0,BENEFICIARY 0,18763249,60000.00
1,5/4/2020,10,0,0,TRANSIT TRANSAC,18763249,24000.00
1,5/4/2020,10,0,0,TRANSIT TRANSAC,18763249,180000.00
1,5/4/2020,10,0,0,TRANSIT TRANSAC,18763249,180000.00
1,5/4/2020,10,0,0,TRANSIT TRANSAC,18763249,180000.00
1,5/4/2020,10,0,0,005111,18763249,700000.00
1,5/4/2020,10,0,0,CHQ005151,18763249,90000.00
1,5/4/2020,10,0,0,CHQ005195,18763249,30000.00
1,5/4/2020,10,0,0,CHQ005165,18763249,90000.00
1,5/4/2020,10,0,0,CHQ005186,18763249,12000.00
1,5/4/2020,10,0,0,CHQ005228,18763249,270000.00
1,5/4/2020,10,0,0,CHQ005263,18763249,120000.00
1,5/4/2020,10,0,0,CHQ005218,18763249,180000.00
1,5/4/2020,10,0,0,BENEFICIARY 0,18764067,60000.00
1,5/4/2020,10,0,0,002650,18764067,72000.00
1,5/4/2020,10,0,0,TRANSIT TRANSAC,18764067,230000.00
1,5/4/2020,10,0,0,TRANSIT TRANSAC,18764067,270000.00
1,5/4/2020,10,0,0,TRANSIT TRANSAC,18764067,830000.00
1,5/4/2020,10,0,0,BT ADD CHQ3263,18771055,270000.00
1,5/4/2020,10,0,0,BT ADD CHQ3234,18771055,480000.00
1,5/4/2020,10,0,0,BT ADD CHQ3241,18771055,40000.00
1,5/4/2020,10,0,0,BT ADD CHQ3233,18771055,360000.00
1,5/4/2020,10,0,0,BT ADD CHQ3237,18771055,150000.00
1,5/4/2020,10,0,0,BT ADD CHQ3235,18771055,160000.00
1,5/4/2020,10,0,0,bt add ch3240,18771055,180000.00
1,5/4/2020,10,0,0,BT ADD CHQ3212,18771055,720000.00
1,5/4/2020,10,0,0,003249,18771055,90000.00
1,5/4/2020,10,0,0,BT ADD CHQ3262,18771055,90000.00
1,5/4/2020,10,0,0,BENEFICIARY 0,18771055,36960.00
1,5/4/2020,10,0,0,BENEFICIARY 0,18771055,90000.00
1,5/4/2020,10,0,0,BENEFICIARY 0,18771055,120000.00
1,5/4/2020,10,0,0,003206,18771055,180000.00
1,5/4/2020,10,0,0,BT ADD CHQ3261,18771055,300000.00
1,5/4/2020,10,0,0,BT ADD CHQ3245,18771055,80000.00
1,5/4/2020,10,0,0,BT ADD CHQ3259,18771055,360000.00
1,5/4/2020,10,0,0,003232,18771055,240000.00
1,5/4/2020,10,0,0,BT ADD CHQ3238,18771055,24000.00
1,5/4/2020,10,0,0,SALARY CHARGE,18771055,34500.00
1,5/4/2020,10,0,0,BT ADD CHQ3299,18771055,90000.00
1,5/4/2020,10,0,0,BT ADD CHQ3209,18771055,330000.00
1,5/4/2020,10,0,0,BT ADD CHQ3256,18771055,60000.00
1,5/4/2020,10,0,0,BT ADD CHQ3258,18771055,600000.00
1,5/4/2020,10,0,0,BT ADD CHQ3252,18771055,80000.00
1,5/4/2020,10,0,0,BENEFICIARY 0,18771055,33320.00
1,5/4/2020,10,0,0,BENEFICIARY 0,18771055,80000.00
1,5/4/2020,10,0,0,003236,18771055,90000.00
1,5/4/2020,10,0,0,BT ADD CHQ3138,18771055,630000.00
1,5/4/2020,10,0,0,003247,18771055,150000.00
1,5/4/2020,10,0,0,BT ADD CHQ3242,18771055,240000.00
1,5/4/2020,10,0,0,BT ADD CHQ3253,18771055,90000.00
1,5/4/2020,10,0,0,003255,18771055,180000.00
1,5/4/2020,10,0,0,003243,18771055,450000.00
1,5/4/2020,10,0,0,SALARY CHARGE,18771055,20250.00
1,5/4/2020,10,0,0,003248,18771055,180000.00
1,5/4/2020,10,0,0,BT ADD CHQ3260,18771055,140000.00
1,5/4/2020,10,0,0,BT ADD CHQ3257,18771055,100000.00
1,5/4/2020,10,0,0,003210,18771055,48000.00
1,5/4/2020,10,0,0,SALARY CHARGE,18771055,28500.00
1,5/4/2020,10,0,0,003244,18771055,360000.00
1,5/4/2020,10,0,0,003220,18771055,150000.00
1,5/4/2020,10,0,0,BT ADD CHQ3219,18771055,90000.00
1,5/4/2020,10,0,0,003211,18771055,270000.00
1,5/4/2020,10,0,0,BT ADD CHQ3254,18771055,300000.00
1,5/4/2020,10,0,0,BT ADD CHQ3250,18771055,90000.00
1,5/4/2020,10,0,0,BT ADD CHQ3251,18771055,60000.00
1,5/4/2020,10,0,0,BT ADD CHQ3239,18771055,180000.00
1,5/4/2020,10,0,0,003208,18771055,180000.00
1,5/4/2020,10,0,0,BT ADD CHQ3246,18771055,100000.00
1,5/4/2020,10,0,0,000-622,18826828,1260000.00

0,5/4/2020,329,149709746.27,0000000000000.00

